file	obj	status	time
akron-k2	11	2	2.5729639530181885
akron-k3	13	2	76.29292583465576
akron-k4	22	9	TLR
alameda-k2	17	2	0.005857944488525391
alameda-k3	17	2	0.017644166946411133
alameda-k4	17	2	0.1186668872833252
alameda-k5	17	2	0.47693705558776855
alaska-ipla-k2	15	2	1.345088005065918
alaska-ipla-k3	18	2	137.86784291267395
albany-k2	15	2	0.2225639820098877
albany-k3	18	2	13.649333000183105
albany-k4	22	9	TLR
amsterdam-k2	166	0	TLR
anchorage-k2	14	2	7.061167001724243
anchorage-k3	17	2	313.53659081459045
angers-loire-metropole-k2	17	2	4.492747068405151
angers-loire-metropole-k3	20	2	344.5683298110962
angers-k2	4	2	0.018755197525024414
angers-k3	5	2	0.33159589767456055
angers-k4	6	2	1.2658557891845703
angers-k5	7	2	1.418442964553833
antwerp-k2	31	2	73.86359691619873
asia-k2	25	2	3.376810073852539
atlanta-k2	114	2	3.5693368911743164
austin-k2	35	2	94.53606510162354
austria-oberoesterreich-k2	11	2	0.41829800605773926
austria-oberoesterreich-k3	12	2	7.267102003097534
austria-oberoesterreich-k4	13	2	100.3432879447937
austria-oberoesterreich-k5	19	9	TLR
austria-steiermark-k2	6	2	0.05188107490539551
austria-steiermark-k3	7	2	0.47185397148132324
austria-steiermark-k4	8	2	4.8739190101623535
austria-steiermark-k5	9	2	23.742223024368286
bari-k2	13	2	0.36424803733825684
bari-k3	15	2	9.878305912017822
bari-k4	16	2	227.9594988822937
bari-k5	42	9	TLR
basel-k2	44	2	128.5901701450348
berlin-k2	42	2	210.00116300582886
bern-districts-k2	4	2	0.011662960052490234
bern-districts-k3	5	2	0.02006983757019043
bern-districts-k4	6	2	0.045701026916503906
bern-districts-k5	6	2	0.015427112579345703
bern-quarters-k2	15	2	6.64090895652771
bern-quarters-k3	18	2	460.97022795677185
birmingham-k2	87	2	1.5935468673706055
boston-k2	14	2	0.2729339599609375
boston-k3	16	2	14.878097772598267
boston-k4	21	9	TLR
bronx-k2	32	2	54.66624093055725
brooklyn-k2	28	2	48.882527112960815
canberra-k2	179	0	TLR
charlottesville-k2	11	2	0.19568991661071777
charlottesville-k3	12	2	8.29508900642395
charlottesville-k4	13	2	283.45955204963684
charlottesville-k5	20	9	TLR
chesapeake-k2	5	2	0.03386521339416504
chesapeake-k3	5	2	0.11328005790710449
chesapeake-k4	6	2	0.6092700958251953
chesapeake-k5	7	2	0.75730299949646
chicago-k2	166	0	TLR
china-k2	18	2	2.61613392829895
china-k3	22	2	432.0767629146576
cincinnati-k2	25	2	19.415894031524658
cleveland-k2	21	2	6.638059854507446
cleveland-k3	24	2	413.23747301101685
cologne-k2	37	2	161.13046789169312
columbus-k2	22	2	9.57554292678833
columbus-k3	25	2	549.3903951644897
dallas-k2	24	2	0.014695882797241211
dallas-k3	24	2	0.19457197189331055
dallas-k4	24	2	1.130631923675537
dallas-k5	24	2	5.264878034591675
denver-k2	37	2	140.38972687721252
des-moines-k2	35	2	22.210438013076782
detroit-k2	62	2	35.487119913101196
dresden-k2	40	2	199.24981379508972
dublin-k2	12	2	4.616986036300659
dublin-k3	14	2	149.98089003562927
dublin-k4	25	9	TLR
enschede-k2	29	2	126.82545900344849
esztergom-k2	33	2	0.027141094207763672
esztergom-k3	33	2	0.6208250522613525
esztergom-k4	33	2	6.4806458950042725
europe-1914-k2	14	2	0.1008150577545166
europe-1914-k3	16	2	5.325416088104248
europe-1914-k4	17	2	366.6316421031952
europe-1938-k2	16	2	0.35187602043151855
europe-1938-k3	18	2	9.410759210586548
europe-1938-k4	25	9	TLR
europe-k2	27	2	3.6033010482788086
europe-k3	30	2	321.51626205444336
fairbanks-k2	10	2	0.1397719383239746
fairbanks-k3	11	2	1.9719109535217285
fairbanks-k4	12	2	13.476416110992432
fairbanks-k5	12	2	85.47125697135925
fort-lauderdale-k2	41	2	28.019410133361816
france-departments-k2	49	2	618.8987119197845
geneva-k2	22	2	14.18493103981018
germany-k2	8	2	0.06571102142333984
germany-k3	10	2	1.7967910766601562
germany-k4	11	2	18.21262001991272
germany-k5	11	2	164.80583500862122
ghent-k2	13	2	4.651974201202393
ghent-k3	15	2	195.20032000541687
ghent-k4	50	9	TLR
gisborne-k2	6	2	0.06152701377868652
gisborne-k3	8	2	0.3860909938812256
gisborne-k4	8	2	1.0524959564208984
gisborne-k5	8	2	2.718593120574951
hamburg-k2	174	0	TLR
hampton-k2	7	2	0.08470296859741211
hampton-k3	8	2	0.46355295181274414
hampton-k4	9	2	1.4457669258117676
hampton-k5	9	2	8.501708030700684
hartford-k2	8	2	0.3554978370666504
hartford-k3	10	2	7.372580051422119
hartford-k4	11	2	158.9764380455017
hartford-k5	18	9	TLR
henderson-k2	14	2	1.9201931953430176
henderson-k3	16	2	83.65158295631409
henderson-k4	26	9	TLR
honolulu-k2	30	2	37.66513109207153
houston-k2	44	2	240.92371797561646
hungary-k2	11	2	0.7108659744262695
hungary-k3	13	2	19.7262921333313
hungary-k4	14	2	580.9943699836731
hungary-k5	21	9	TLR
ireland-counties-k2	18	2	2.040097951889038
ireland-counties-k3	21	2	466.3246328830719
italy-provinces-k2	183	0	TLR
italy-regions-k2	14	2	0.2835359573364258
italy-regions-k3	15	2	9.889870166778564
italy-regions-k4	16	2	268.6089780330658
italy-regions-k5	21	9	TLR
japan-k2	28	2	9.990647077560425
las-vegas-k2	17	2	1.278473138809204
las-vegas-k3	20	2	81.74284505844116
las-vegas-k4	28	9	TLR
le-mans-cantons-k2	19	2	12.669634103775024
le-mans-cantons-k3	43	9	TLR
lexington-k2	22	2	7.567238092422485
lexington-k3	24	2	422.2238540649414
liberia-central-k2	27	2	29.730562925338745
liberia-east-k2	33	2	97.19448685646057
liberia-k2	8	2	0.16917085647583008
liberia-k3	10	2	1.7424960136413574
liberia-k4	12	2	24.028439044952393
liberia-k5	13	2	587.9344811439514
liberia-west-k2	9	2	0.25897693634033203
liberia-west-k3	10	2	2.183521032333374
liberia-west-k4	11	2	134.55273818969727
liberia-west-k5	12	2	854.2095198631287
lombardy-k2	7	2	0.14484405517578125
lombardy-k3	8	2	0.5869030952453613
lombardy-k4	9	2	7.631264925003052
lombardy-k5	9	2	14.467546939849854
london-k2	18	2	5.47959303855896
london-k3	21	2	324.4038589000702
los-angeles-k2	200	0	TLR
louisville-k2	35	2	50.27426815032959
macon-k2	34	2	0.20000410079956055
macon-k3	35	2	6.275506973266602
madrid-districts-k2	10	2	4.029389142990112
madrid-districts-k3	12	2	119.26805806159973
madrid-districts-k4	20	9	TLR
malaysia-k2	11	2	0.09895110130310059
malaysia-k3	12	2	0.6491670608520508
malaysia-k4	13	2	4.372856855392456
malaysia-k5	13	2	53.414270877838135
manhattan-k2	22	2	2.932507038116455
manhattan-k3	25	2	313.65446281433105
mexico-k2	18	2	2.8738648891448975
mexico-k3	21	2	274.2557590007782
miami-k2	8	2	0.08184289932250977
miami-k3	10	2	1.9815499782562256
miami-k4	11	2	23.416206121444702
miami-k5	11	2	107.43190598487854
milan-k2	41	2	261.4148619174957
minneapolis-k2	39	2	494.04018115997314
mississauga-k2	17	2	6.042826890945435
mississauga-k3	21	9	TLR
montreal-k2	12	2	1.7362620830535889
montreal-k3	14	2	39.43695688247681
montreal-k4	15	2	478.37610816955566
montreal-k5	41	9	TLR
new-haven-k2	11	2	2.050434112548828
new-haven-k3	13	2	45.144366979599
new-haven-k4	14	9	TLR
new-haven-k5	45	9	TLR
new-orleans-k2	31	2	116.36826205253601
new-york-city-boroughs-k2	4	2	0.007714033126831055
new-york-city-boroughs-k3	5	2	0.015158891677856445
new-york-city-boroughs-k4	5	2	0.008440017700195312
new-york-city-boroughs-k5	5	2	0.0015048980712890625
norfolk-k2	36	2	303.2269148826599
oceania-k2	24	2	0.010620832443237305
oceania-k3	24	2	0.10256409645080566
oceania-k4	24	2	0.8214278221130371
oceania-k5	24	2	4.047919988632202
olympia-k2	33	2	0.9600248336791992
olympia-k3	37	2	68.00519108772278
oman-provinces-k2	28	2	20.383450031280518
oman-k2	5	2	0.013478994369506836
oman-k3	6	2	0.08867597579956055
oman-k4	7	2	0.19390606880187988
oman-k5	8	2	0.1779799461364746
orlando-k2	214	0	TLR
paris-k2	20	2	0.007305145263671875
paris-k3	20	2	0.11008501052856445
paris-k4	20	2	0.6607592105865479
paris-k5	20	2	2.140160083770752
peaks-k2	42	2	169.00585389137268
phoenix-k2	10	2	0.14854907989501953
phoenix-k3	12	2	2.9937610626220703
phoenix-k4	12	2	21.951231002807617
phoenix-k5	13	2	275.75626587867737
pittsburgh-k2	45	2	82.23629808425903
poland-k2	8	2	0.24286389350891113
poland-k3	10	2	16.637283086776733
poland-k4	11	2	117.5964469909668
poland-k5	19	9	TLR
portland-k2	34	2	17.82719898223877
providence-k2	13	2	2.7381579875946045
providence-k3	15	2	138.32452416419983
providence-k4	25	9	TLR
quebec-k2	9	2	0.44031500816345215
quebec-k3	10	2	7.814266920089722
quebec-k4	11	2	127.04737687110901
quebec-k5	18	9	TLR
queens-k2	32	2	31.268337965011597
raleigh-k2	9	2	0.6752309799194336
raleigh-k3	10	2	17.328250885009766
raleigh-k4	12	2	972.0478551387787
raleigh-k5	21	9	TLR
red-deer-k2	42	2	145.07703614234924
rio-de-janeiro-k2	45	2	140.59250402450562
rochester-k2	19	2	15.192269086837769
rochester-k3	34	9	TLR
rockville-k2	73	2	4.8637168407440186
rome-rioni-k2	13	2	0.7453851699829102
rome-rioni-k3	15	2	30.199904918670654
rome-rioni-k4	23	9	TLR
rotterdam-k2	13	2	0.6051411628723145
rotterdam-k3	15	2	17.732197046279907
rotterdam-k4	16	9	TLR
russia-k2	43	2	166.57989597320557
sacramento-k2	203	0	TLR
salt-lake-city-k2	12	2	1.2527852058410645
salt-lake-city-k3	14	2	40.84988212585449
salt-lake-city-k4	21	9	TLR
san-francisco-k2	18	2	14.639333963394165
san-francisco-k3	22	9	TLR
saskatoon-k2	28	2	22.09568190574646
seattle-k2	48	2	127.76970100402832
silicon-valley-k2	20	2	1.6551868915557861
silicon-valley-k3	24	2	237.84076595306396
south-america-k2	6	2	0.05492901802062988
south-america-k3	7	2	0.38980793952941895
south-america-k4	8	2	6.512838125228882
south-america-k5	9	2	28.72156000137329
southeast-asia-k2	8	2	0.02632308006286621
southeast-asia-k3	9	2	0.09645581245422363
southeast-asia-k4	9	2	0.24838995933532715
southeast-asia-k5	9	2	1.0848000049591064
springfield-k2	8	2	0.32717299461364746
springfield-k3	10	2	6.327257871627808
springfield-k4	12	2	444.5312099456787
springfield-k5	19	9	TLR
stamford-k2	8	2	0.13283205032348633
stamford-k3	9	2	2.400973081588745
stamford-k4	11	2	62.95521306991577
stamford-k5	11	2	699.1431531906128
staten-island-k2	26	2	15.11345911026001
st-louis-k2	37	2	238.57543992996216
st-petersburg-k2	177	0	TLR
surrey-k2	4	2	0.011285066604614258
surrey-k3	5	2	0.051683902740478516
surrey-k4	6	2	0.08533310890197754
surrey-k5	7	2	0.0655670166015625
switzerland-k2	12	2	0.9361960887908936
switzerland-k3	14	2	37.32874608039856
switzerland-k4	21	9	TLR
szczecin-k2	17	2	7.6524248123168945
szczecin-k3	20	2	515.2167999744415
taiwan-k2	15	2	0.4446420669555664
taiwan-k3	16	2	9.655670881271362
taiwan-k4	17	2	342.2281458377838
tampa-k2	39	2	63.889888048172
the-hague-k2	23	2	27.5208101272583
the-netherlands-k2	7	2	0.06645011901855469
the-netherlands-k3	9	2	0.853797197341919
the-netherlands-k4	10	2	4.210878849029541
the-netherlands-k5	10	2	10.084677934646606
turkey-k2	40	2	130.4566469192505
ulm-k2	25	2	22.979068994522095
united-states-1810-k2	13	2	0.6304008960723877
united-states-1810-k3	16	2	78.36618399620056
united-states-1810-k4	25	9	TLR
united-states-big-cities-k2	15	2	2.8744559288024902
united-states-big-cities-k3	19	2	230.1550989151001
united-states-mlb-stadiums-k2	16	2	6.245322942733765
united-states-mlb-stadiums-k3	19	2	417.46288108825684
united-states-k2	27	2	25.889095067977905
utrecht-k2	6	2	0.07730293273925781
utrecht-k3	7	2	0.3944051265716553
utrecht-k4	7	2	1.2207319736480713
utrecht-k5	8	2	3.657027006149292
vancouver-k2	13	2	2.1102020740509033
vancouver-k3	15	2	53.40023589134216
vancouver-k4	22	9	TLR
venice-k2	7	2	0.11416792869567871
venice-k3	9	2	1.3085548877716064
venice-k4	9	2	4.383714914321899
venice-k5	10	2	27.8647198677063
vienna-k2	11	2	4.335891008377075
vienna-k3	14	2	201.23843479156494
vienna-k4	24	9	TLR
washington-k2	17	2	6.965665102005005
washington-k3	20	2	272.7917139530182
west-linn-k2	6	2	0.05966496467590332
west-linn-k3	8	2	0.5748329162597656
west-linn-k4	8	2	3.2278571128845215
west-linn-k5	8	2	4.453902006149292
williamsburg-k2	26	2	2.730710983276367
windsor-k2	11	2	2.023960828781128
windsor-k3	13	2	27.098822116851807
windsor-k4	14	2	831.0682580471039
windsor-k5	23	9	TLR
winterthur-k2	4	2	0.01052403450012207
winterthur-k3	5	2	0.03319501876831055
winterthur-k4	6	2	0.05937504768371582
winterthur-k5	7	2	0.07584404945373535
zurich-city-k2	16	2	9.660303831100464
zurich-city-k3	20	2	571.8959379196167
